   n |    |c_n(x1)|    |c_n(x2)|      difference
---------------------------------------------
  -4 |     0.101051     0.101051     5.55e-17
  -3 |     0.181891     0.181891     5.55e-17
  -2 |     0.424413     0.424413     1.67e-16
  -1 |     2.122066     2.122066     0.00e+00
   0 |     6.366198     6.366198     0.00e+00
   1 |     2.122066     2.122066     0.00e+00
   2 |     0.424413     0.424413     1.67e-16
   3 |     0.181891     0.181891     5.55e-17
   4 |     0.101051     0.101051     5.55e-17
